> head(series.data,n=180)
       dates       XLF       JPM   beta.60           s s.act         a            b          varz
1   20030102  0.036364  0.074167 0.8166494  0.78583399     0 0.8166494 4.719715e-04 -5.423684e-03
2   20030103 -0.000877  0.019654 0.9076220  1.50529792     1 0.9076220 3.810967e-04 -6.466631e-03
3   20030106  0.033802  0.078643 0.7838030  1.80778099     0 0.7838030 3.642987e-04 -1.201230e-02
4   20030107 -0.011040 -0.005004 0.7881411  1.92270302     0 0.7881411 2.887288e-04 -1.124552e-02
5   20030108 -0.010305 -0.038434 0.7788871  0.84246220     0 0.7788871 2.559149e-04 -4.751503e-03
6   20030109  0.019957  0.019798 0.8021854  0.26262246     1 0.8021854 2.497152e-04 -1.374940e-03
7   20030110 -0.000425 -0.007692 0.7263175 -0.69589421     0 0.7263175 2.465443e-04  4.350648e-03
8   20030113  0.002979  0.007014 0.6710930 -1.41363116     1 0.6710930 2.291615e-04  9.493868e-03
9   20030114  0.007637  0.011364 0.6738493 -1.26706425     0 0.6738493 2.578435e-04  8.981062e-03
10  20030115 -0.014737 -0.018485 0.6536606 -2.04312000     0 0.6536606 2.388667e-04  1.445105e-02
11  20030116 -0.009829 -0.011078 0.7004326 -1.87739408     0 0.7004326 2.070007e-04  1.133728e-02
12  20030117 -0.003021 -0.022031 0.7296410 -1.41255729     0 0.7296410 2.288807e-04  8.448956e-03
13  20030121 -0.016450 -0.029401 0.7051994 -1.64372012     0 0.7051994 2.424881e-04  1.064265e-02
14  20030122 -0.015845 -0.028324 0.7239436 -2.06689284     0 0.7239436 2.178104e-04  1.220660e-02
15  20030123  0.015206  0.017409 0.7662712 -1.55479650     0 0.7662712 2.527077e-04  8.991045e-03
16  20030124 -0.038326 -0.052527 0.7943950 -1.76822270     0 0.7943950 1.879542e-04  8.205796e-03
17  20030127 -0.015117 -0.021840 0.8456480 -0.65887040     0 0.8456480 1.876641e-04  2.610191e-03
18  20030128  0.014419  0.009446 0.8348599 -1.47141536     0 0.8348599 2.049890e-04  6.320122e-03
19  20030129  0.001834 -0.000425 0.8443973 -1.41352645     0 0.8443973 2.191988e-04  6.078612e-03
20  20030130 -0.025172 -0.019574 0.8446922 -1.19962484     0 0.8446922 1.962049e-04  4.875679e-03
21  20030131  0.019718  0.013021 0.8585190 -1.36094365     0 0.8585190 2.264675e-04  5.650783e-03
22  20030203  0.002302  0.010283 0.8717113 -1.19944540     0 0.8717113 2.107666e-04  4.558859e-03
23  20030204 -0.023886 -0.022477 0.8684818 -0.75675705     0 0.8684818 2.190487e-04  2.971497e-03
24  20030205 -0.009412 -0.004772 0.8640937 -1.07440997     0 0.8640937 2.155248e-04  4.258970e-03
25  20030206 -0.011876 -0.027463 0.8432371 -1.43575786     0 0.8432371 2.478425e-04  6.591741e-03
26  20030207 -0.006731 -0.014792 0.8672567 -1.77068946     0 0.8672567 2.202306e-04  7.006250e-03
27  20030210  0.006776  0.005460 0.8232282 -1.60970541     0 0.8232282 2.412694e-04  7.785446e-03
28  20030211 -0.013942 -0.004525 0.8852604 -1.46651850     0 0.8852604 1.940597e-04  5.039949e-03
29  20030212 -0.012677 -0.022273 0.8481354 -1.25216272     0 0.8481354 1.967909e-04  5.035291e-03
30  20030213  0.007407 -0.010228 0.7812445 -1.97072401     0 0.7812445 2.484735e-04  1.088638e-02
31  20030214  0.022549  0.026303 0.7846303 -2.47806396     0 0.7846303 2.456775e-04  1.349315e-02
32  20030218  0.015820  0.029748 0.7587268 -2.24610909     0 0.7587268 2.377037e-04  1.282638e-02
33  20030219 -0.002360  0.000000 0.8203552 -2.21085552     0 0.8203552 1.858494e-04  9.468259e-03
34  20030220 -0.009461  0.008444 0.8471872 -1.05494498     0 0.8471872 1.593465e-04  3.830236e-03
35  20030221  0.014804  0.008374 0.8333765 -1.25832760     0 0.8333765 1.633469e-04  4.848322e-03
36  20030224 -0.026353 -0.025350 0.8452205 -0.66260196     0 0.8452205 1.582001e-04  2.413730e-03
37  20030225  0.009666  0.011211 0.8469783 -0.79571881     0 0.8469783 1.558545e-04  2.859335e-03
38  20030226 -0.011489 -0.009313 0.8423732 -0.42497913     1 0.8423732 1.553213e-04  1.549207e-03
39  20030227  0.014528  0.014324 0.8398632 -0.84125972     0 0.8398632 1.547058e-04  3.086997e-03
40  20030228  0.004773  0.000883 0.8353276 -0.77663696     0 0.8353276 1.578348e-04  2.922625e-03
41  20030303 -0.010926  0.007496 0.8454529 -0.24861270     0 0.8454529 1.593129e-04  9.080875e-04
42  20030304 -0.014409 -0.019694 0.8511418 -0.28820271     0 0.8511418 1.590860e-04  1.030815e-03
43  20030305  0.014133  0.018304 0.8394298 -0.36477996     0 0.8394298 1.647351e-04  1.383295e-03
44  20030306 -0.013936 -0.035511 0.8495099 -1.07790449     0 0.8495099 1.605265e-04  3.895645e-03
45  20030307  0.008772  0.013182 0.8286945 -0.71243871     0 0.8286945 1.661442e-04  2.810640e-03
46  20030310 -0.036232 -0.038134 0.8915289 -0.75288126     0 0.8915289 1.539040e-04  2.236671e-03
47  20030311 -0.016541 -0.032183 0.8596934 -0.74311498     0 0.8596934 1.587613e-04  2.571857e-03
48  20030312  0.001529  0.000000 0.8640103 -0.91176416     0 0.8640103 1.561107e-04  3.077001e-03
49  20030313  0.042748  0.046747 0.8318835 -1.15923693     0 0.8318835 1.751893e-04  4.648173e-03
50  20030314  0.004392 -0.021179 0.7975511 -1.90339143     1 0.7975511 2.035533e-04  9.113481e-03
51  20030317  0.030612  0.061148 0.8254315 -1.35578921     0 0.8254315 1.769933e-04  5.577900e-03
52  20030318  0.005658  0.011082 0.8087693 -1.01138814     0 0.8087693 1.821492e-04  4.438320e-03
53  20030319  0.014533  0.022797 0.8194327 -1.21214527     0 0.8194327 1.944137e-04  5.324387e-03
54  20030320  0.001386  0.008573 0.8932823 -1.24659955     0 0.8932823 1.556924e-04  3.692930e-03
55  20030321  0.025252  0.047599 0.8747892 -0.43236297     1 0.8747892 1.416785e-04  1.329980e-03
56  20030324 -0.034810 -0.041379 0.8919113 -0.35802367     0 0.8919113 1.439665e-04  1.026791e-03
57  20030325  0.007494  0.021583 0.9222241 -0.29711599     0 0.9222241 1.394212e-04  7.056851e-04
58  20030326 -0.004649  0.001243 0.9144084  0.03280583     0 0.9144084 1.378242e-04 -8.143519e-05
59  20030327 -0.006072 -0.002069 0.9239705  0.07421654     0 0.9239705 1.388228e-04 -1.738292e-04
60  20030328 -0.000940  0.013682 0.9375166  0.21605295     0 0.9375166 1.455771e-04 -4.681296e-04
61  20030331 -0.023518 -0.030266 0.9311172  0.28680057     0 0.9311172 1.524772e-04 -6.688572e-04
62  20030401  0.026493  0.021932 0.8977933  0.56389283     0 0.8977933 1.511712e-04 -1.608964e-03
63  20030402  0.026279  0.050351 0.8504643  1.23346982     0 0.8504643 1.951365e-04 -4.898126e-03
64  20030403 -0.004572 -0.006770 0.8289235  2.05115208     1 0.8289235 2.077246e-04 -9.041472e-03
65  20030404  0.010106  0.025662 0.8458832  2.48401078     0 0.8458832 1.831265e-04 -9.712967e-03
66  20030407  0.003638  0.002346 0.8616408  1.94223112     0 0.8616408 1.690806e-04 -6.884999e-03
67  20030408  0.000000  0.013651 0.8591218  2.03835155     0 0.8591218 1.769895e-04 -7.464844e-03
68  20030409 -0.014046 -0.010004 0.8566792  1.95876151     0 0.8566792 1.924166e-04 -7.548992e-03
69  20030410  0.008272 -0.000389 0.8659624  1.80917420     0 0.8659624 1.800340e-04 -6.506081e-03
70  20030411 -0.000456 -0.005054 0.8750554  1.71729482     0 0.8750554 1.725701e-04 -5.823436e-03
71  20030414  0.020064  0.037124 0.8499642  1.96090158     0 0.8499642 1.873878e-04 -7.644380e-03
72  20030415  0.016987  0.012434 0.8913796  1.73335814     0 0.8913796 1.516219e-04 -5.114882e-03
73  20030416 -0.013626 -0.013770 0.8813193  1.56562381     0 0.8813193 1.390429e-04 -4.636825e-03
74  20030417  0.017825  0.030566 0.8716796  1.59489063     0 0.8716796 1.348347e-04 -4.849131e-03
75  20030421 -0.003503  0.005126 0.8591832  1.61251984     0 0.8591832 1.408513e-04 -5.266858e-03
76  20030422  0.030756  0.044809 0.8581050  1.65233087     0 0.8581050 1.371529e-04 -5.347466e-03
77  20030423  0.007246  0.026499 0.8470812  1.83674230     0 0.8470812 1.527975e-04 -6.532717e-03
78  20030424 -0.020736 -0.029891 0.8657491  1.58197675     0 0.8657491 1.344831e-04 -4.921144e-03
79  20030425 -0.010804 -0.021008 0.8759415  1.13102558     0 0.8759415 1.216971e-04 -3.208605e-03
80  20030428  0.017475  0.030401 0.8608953  1.15662353     0 0.8608953 1.336633e-04 -3.656016e-03
81  20030429  0.001288  0.011454 0.8669074  1.52836707     0 0.8669074 1.252970e-04 -4.567868e-03
82  20030430  0.002144  0.007207 0.8603206  1.23581258     0 0.8603206 1.277486e-04 -3.827392e-03
83  20030501 -0.000428 -0.002385 0.8593485  1.24907548     0 0.8593485 1.292095e-04 -3.905060e-03
84  20030502  0.015839  0.019809 0.8631206  1.28250242     0 0.8631206 1.309461e-04 -3.977893e-03
85  20030505 -0.004214  0.016745 0.8382387  1.92913569     0 0.8382387 1.392991e-04 -6.754190e-03
86  20030506  0.007617  0.011528 0.8436630  1.63256272     0 0.8436630 1.283723e-04 -5.386362e-03
87  20030507 -0.006300  0.003582 0.8373707  1.65155826     0 0.8373707 1.311097e-04 -5.626163e-03
88  20030508 -0.011412 -0.027904 0.8422257  1.10055104     0 0.8422257 1.285806e-04 -3.652116e-03
89  20030509  0.006413  0.004005 0.8770250  1.10385136     0 0.8770250 1.182815e-04 -3.072858e-03
90  20030512  0.011470  0.028590 0.8605245  1.29013455     0 0.8605245 1.080914e-04 -3.672501e-03
91  20030513 -0.002940 -0.007111 0.8548242  0.61443259     1 0.8548242 9.928412e-05 -1.712813e-03
92  20030514 -0.000421 -0.007487 0.8562917  0.19114151     0 0.8562917 9.931560e-05 -5.300069e-04
93  20030515  0.010114  0.018039 0.8610536  0.39888184     0 0.8610536 9.987405e-05 -1.089218e-03
94  20030516  0.002503  0.006765 0.8537926  0.42041227     0 0.8537926 1.042833e-04 -1.205694e-03
95  20030519 -0.027050 -0.026560 0.8808245  0.96317851     0 0.8808245 9.854691e-05 -2.406843e-03
96  20030520  0.000855  0.000329 0.8616117  0.58920845     0 0.8616117 9.704961e-05 -1.582600e-03
97  20030521  0.002137  0.003943 0.8783976  0.68570545     0 0.8783976 9.498241e-05 -1.700343e-03
98  20030522  0.002985 -0.001964 0.8872216  0.35851724     0 0.8872216 9.463702e-05 -8.525936e-04
99  20030523  0.003827  0.013447 0.8828947  0.58889075     0 0.8828947 9.383188e-05 -1.422608e-03
100 20030527  0.018213  0.037217 0.8392662  0.74244844     0 0.8392662 9.245230e-05 -2.110359e-03
101 20030528  0.012063  0.015601 0.8222025  0.41424943     0 0.8222025 9.456131e-05 -1.258297e-03
102 20030529 -0.010686 -0.008602 0.8669130  0.94116361     0 0.8669130 9.417280e-05 -2.438561e-03
103 20030530  0.020357  0.018283 0.8953732  0.51260181     0 0.8953732 9.126210e-05 -1.150534e-03
104 20030602  0.008958  0.032258 0.8359124  1.03751159     0 0.8359124 8.945106e-05 -2.933578e-03
105 20030603  0.005650 -0.002948 0.8174900  0.08878847     0 0.8174900 8.623559e-05 -2.612806e-04
106 20030604  0.014446  0.025724 0.7959700  0.14873009     0 0.7959700 8.601084e-05 -4.649144e-04
107 20030605  0.006329  0.011819 0.8346816  0.37501846     0 0.8346816 8.503251e-05 -1.038067e-03
108 20030606 -0.000786  0.000855 0.7835069 -0.07198511     0 0.7835069 8.156432e-05  2.265049e-04
109 20030609 -0.020850 -0.038998 0.8059591 -0.60129490     0 0.8059591 9.218578e-05  1.892397e-03
110 20030610  0.008437  0.009479 0.7249557 -1.27229402     1 0.7249557 1.052225e-04  5.211396e-03
111 20030611  0.015139  0.013498 0.7044358 -2.91072778     0 0.7044358 9.395950e-05  1.174918e-02
112 20030612 -0.001962  0.004632 0.7137045 -2.23670774     0 0.7137045 8.858895e-05  8.604751e-03
113 20030613 -0.003539  0.000000 0.7186181 -2.16681429     0 0.7186181 8.774682e-05  8.212885e-03
114 20030616  0.024467  0.036023 0.7255937 -2.20299526     0 0.7255937 8.563173e-05  8.129404e-03
115 20030617 -0.000385  0.003894 0.7464539 -2.06239071     0 0.7464539 7.757801e-05  6.921340e-03
116 20030618 -0.009634 -0.028263 0.6526783 -2.52874136     0 0.6526783 8.767361e-05  1.085452e-02
117 20030619 -0.023735 -0.017679 0.7038834 -1.92507714     0 0.7038834 7.762049e-05  7.070462e-03
118 20030620  0.003035  0.010160 0.7095065 -1.48225077     0 0.7095065 7.334376e-05  5.232824e-03
119 20030623 -0.015569 -0.027299 0.6913472 -1.64409696     0 0.6913472 7.565155e-05  6.108789e-03
120 20030624  0.005677  0.013294 0.7212505 -1.36143417     0 0.7212505 6.948713e-05  4.567030e-03
121 20030625 -0.006452 -0.009038 0.7512531 -0.88430882     0 0.7512531 7.038214e-05  2.796015e-03
122 20030626  0.008523  0.012062 0.7329723 -0.96570468     0 0.7329723 7.647861e-05  3.315100e-03
123 20030627 -0.008451 -0.014535 0.7350188 -1.77068028     0 0.7350188 6.893013e-05  5.745134e-03
124 20030630 -0.003653  0.008260 0.7473736 -0.95082764     0 0.7473736 6.741658e-05  2.968463e-03
125 20030701  0.011813  0.010825 0.7445299 -1.41580431     0 0.7445299 6.707877e-05  4.437380e-03
126 20030702  0.012480  0.004677 0.7542161 -1.48630911     0 0.7542161 7.999225e-05  4.975861e-03
127 20030703 -0.004771 -0.006983 0.7673151 -1.77294063     0 0.7673151 7.400431e-05  5.534136e-03
128 20030707  0.017179  0.027542 0.8079918 -1.17525847     0 0.8079918 6.966649e-05  3.196738e-03
129 20030708  0.006677  0.009410 0.8185167 -0.89250288     0 0.8185167 7.561081e-05  2.451666e-03
130 20030709 -0.001561  0.007345 0.7842251 -1.19445053     0 0.7842251 7.261701e-05  3.539672e-03
131 20030710 -0.014459 -0.018228 0.8040919 -1.42680354     0 0.8040919 6.890134e-05  3.902787e-03
132 20030711  0.013878  0.021422 0.7767872 -1.18964528     0 0.7767872 7.359831e-05  3.617373e-03
133 20030714  0.018772  0.043065 0.8711206 -0.89144255     0 0.8711206 6.918318e-05  1.945963e-03
134 20030715 -0.005374 -0.000268 0.8814186 -0.64403980     0 0.8814186 6.686113e-05  1.322103e-03
135 20030716 -0.005017 -0.027890 0.7350071 -1.64584598     0 0.7350071 7.450931e-05  5.552147e-03
136 20030717 -0.016680 -0.033379 0.6133639 -1.98227753     0 0.6133639 7.677316e-05  8.502648e-03
137 20030718  0.012229  0.008276 0.6196347 -2.54990101     0 0.6196347 7.500350e-05  1.070178e-02
138 20030721 -0.011691 -0.025474 0.6975088 -1.98741426     0 0.6975088 8.547694e-05  7.756455e-03
139 20030722  0.009858  0.014813 0.6770155 -2.04901317     0 0.6770155 8.967482e-05  8.515346e-03
140 20030723 -0.003124 -0.002290 0.6728912 -2.34568504     0 0.6728912 8.514885e-05  9.571309e-03
141 20030724 -0.004309 -0.008032 0.6979064 -2.27367418     0 0.6979064 8.184406e-05  8.676323e-03
142 20030725  0.023603  0.025737 0.7333746 -2.09039926     0 0.7333746 8.813439e-05  7.696734e-03
143 20030728 -0.003843  0.000564 0.7341944 -1.79963926     0 0.7341944 8.655450e-05  6.554860e-03
144 20030729 -0.010802 -0.007044 0.7407864 -1.64946525     0 0.7407864 8.486550e-05  5.863608e-03
145 20030730  0.000390 -0.005108 0.7713348 -2.03279083     0 0.7713348 7.417766e-05  6.290411e-03
146 20030731 -0.001170 -0.000285 0.7811772 -1.20490479     0 0.7811772 7.032718e-05  3.541661e-03
147 20030801 -0.019516 -0.048217 0.8056852 -1.69881170     0 0.8056852 8.014421e-05  4.988997e-03
148 20030804  0.001194  0.011091 0.8139045 -0.94177418     0 0.8139045 8.053118e-05  2.707008e-03
149 20030805 -0.016302 -0.028758 0.7810355 -1.54191127     0 0.7810355 8.591183e-05  5.011139e-03
150 20030806  0.013743  0.007021 0.7960079 -2.09305057     0 0.7960079 8.987523e-05  6.687322e-03
151 20030807  0.004785 -0.004244 0.8347390 -1.74993576     0 0.8347390 1.061467e-04  5.410949e-03
152 20030808  0.004762  0.004262 0.8187398 -1.88920102     0 0.8187398 1.151213e-04  6.399144e-03
153 20030811 -0.001975  0.006972 0.8196876 -1.92274347     0 0.8196876 1.019477e-04  6.111170e-03
154 20030812  0.011872  0.012643 0.8219642 -1.92326877     0 0.8219642 1.033207e-04  6.111071e-03
155 20030813 -0.007431 -0.006243 0.8484231 -1.71033550     0 0.8484231 8.980404e-05  4.641358e-03
156 20030814  0.009456  0.014059 0.8450877 -1.33503524     0 0.8450877 8.637319e-05  3.595147e-03
157 20030815 -0.000781 -0.007080 0.8395843 -1.50541709     0 0.8395843 8.989635e-05  4.214940e-03
158 20030818  0.001172  0.011586 0.8457226 -1.17170806     0 0.8457226 8.845536e-05  3.186027e-03
159 20030819 -0.001170  0.004112 0.8766751 -1.11349119     0 0.8766751 8.087059e-05  2.566923e-03
160 20030820 -0.002344  0.018719 0.9061861 -0.29916322     1 0.9061861 7.938135e-05  5.913142e-04
161 20030821  0.000000 -0.006604 0.8775876 -0.25463393     0 0.8775876 7.877092e-05  5.770479e-04
162 20030822 -0.019186 -0.019653 0.8948713 -0.11005503     0 0.8948713 7.909830e-05  2.305495e-04
163 20030825  0.003593 -0.005307 0.8601121 -0.22803050     0 0.8601121 8.076904e-05  5.619995e-04
164 20030826  0.001989 -0.010670 0.8584999 -0.88612499     0 0.8584999 7.787766e-05  2.157737e-03
165 20030827 -0.003970 -0.003595 0.8421729 -0.28438978     0 0.8421729 7.533768e-05  7.225130e-04
166 20030828  0.004384  0.019543 0.8782375 -0.15665850     0 0.8782375 7.556085e-05  3.467239e-04
167 20030829  0.004762  0.009142 0.8730356  0.05712322     0 0.8730356 7.534362e-05 -1.290934e-04
168 20030902  0.017773  0.014027 0.8486831 -0.15736398     0 0.8486831 7.584563e-05  3.920876e-04
169 20030903  0.001940  0.004611 0.8484727 -0.01897403     0 0.8484727 7.591058e-05  4.733144e-05
170 20030904 -0.004260 -0.005164 0.8699190 -0.27726398     0 0.8699190 7.609000e-05  6.379002e-04
171 20030905 -0.004667 -0.014129 0.8498944 -0.56266510     0 0.8498944 8.001292e-05  1.433689e-03
172 20030908  0.009769  0.013454 0.8702170 -0.72566909     0 0.8702170 7.740461e-05  1.681841e-03
173 20030909 -0.005031 -0.011256 0.8458748 -0.69011018     0 0.8458748 7.565957e-05  1.734547e-03
174 20030910 -0.016336 -0.025686 0.8295595 -0.64021051     0 0.8295595 7.485417e-05  1.690612e-03
175 20030911  0.004349  0.008987 0.8354104 -0.44519765     0 0.8354104 7.331472e-05  1.141519e-03
176 20030912  0.001575  0.009501 0.8410452 -0.04139560     0 0.8410452 7.397419e-05  1.046162e-04
177 20030915  0.000000 -0.000882 0.8840655 -0.45456140     0 0.8840655 7.017798e-05  9.446073e-04
178 20030916  0.011792  0.018546 0.8530514  0.04882958     0 0.8530514 6.709836e-05 -1.126362e-04
179 20030917  0.001554  0.001734 0.8407085  0.25997144     0 0.8407085 6.578904e-05 -6.203063e-04
180 20030918  0.024050  0.031160 0.8487605  0.02345257     0 0.8487605 6.596484e-05 -5.448022e-05