> manual.fit$JPM$beta.fit

Call:
lm(formula = fml, data = cbind(r.s, r.e))

Coefficients:
(Intercept)          XLF  
   0.001354     1.366383  

$JPM$ou
            1             2             3             4             5             6             7             8 
 2.312583e-02  4.262414e-02  7.372665e-02  8.245352e-02  5.674609e-02  4.792117e-02  3.945588e-02  4.104542e-02 
            9            10            11            12            13            14            15            16 
 4.062034e-02  4.091773e-02  4.191591e-02  2.265875e-02  1.438075e-02  6.353087e-03  1.630857e-03  1.178601e-04 
           17            18            19            20            21            22            23            24 
-2.420528e-03 -1.403041e-02 -1.831537e-02 -4.848770e-03 -2.012412e-02 -1.434054e-02 -5.534114e-03  1.200281e-03 
           25            26            27            28            29            30            31            32 
-1.138956e-02 -1.833843e-02 -2.349105e-02 -1.031994e-02 -1.662530e-02 -3.832811e-02 -4.418969e-02 -3.741188e-02 
           33            34            35            36            37            38            39            40 
-3.554123e-02 -1.552388e-02 -2.873182e-02 -1.942753e-02 -2.277799e-02 -1.774662e-02 -2.462744e-02 -3.162020e-02 
           41            42            43            44            45            46            47            48 
-1.054910e-02 -1.190888e-02 -1.426998e-02 -3.209307e-02 -3.225099e-02 -2.223219e-02 -3.316785e-02 -3.661106e-02 
           49            50            51            52            53            54            55            56 
-4.962822e-02 -7.816238e-02 -6.019611e-02 -5.819911e-02 -5.661377e-02 -5.128858e-02 -3.954750e-02 -3.471670e-02 
           57            58            59            60 
-2.472738e-02 -1.848607e-02 -1.361240e-02 -1.439278e-17 


$ou
     20030102      20030103      20030106      20030107      20030108      20030109      20030110      20030113 
 2.312583e-02  4.262414e-02  7.372665e-02  8.245352e-02  5.674609e-02  4.792117e-02  3.945588e-02  4.104542e-02 
     20030114      20030115      20030116      20030117      20030121      20030122      20030123      20030124 
 4.062034e-02  4.091773e-02  4.191591e-02  2.265875e-02  1.438075e-02  6.353087e-03  1.630857e-03  1.178601e-04 
     20030127      20030128      20030129      20030130      20030131      20030203      20030204      20030205 
-2.420528e-03 -1.403041e-02 -1.831537e-02 -4.848770e-03 -2.012412e-02 -1.434054e-02 -5.534114e-03  1.200281e-03 
     20030206      20030207      20030210      20030211      20030212      20030213      20030214      20030218 
-1.138956e-02 -1.833843e-02 -2.349105e-02 -1.031994e-02 -1.662530e-02 -3.832811e-02 -4.418969e-02 -3.741188e-02 
     20030219      20030220      20030221      20030224      20030225      20030226      20030227      20030228 
-3.554123e-02 -1.552388e-02 -2.873182e-02 -1.942753e-02 -2.277799e-02 -1.774662e-02 -2.462744e-02 -3.162020e-02 
     20030303      20030304      20030305      20030306      20030307      20030310      20030311      20030312 
-1.054910e-02 -1.190888e-02 -1.426998e-02 -3.209307e-02 -3.225099e-02 -2.223219e-02 -3.316785e-02 -3.661106e-02 
     20030313      20030314      20030317      20030318      20030319      20030320      20030321      20030324 
-4.962822e-02 -7.816238e-02 -6.019611e-02 -5.819911e-02 -5.661377e-02 -5.128858e-02 -3.954750e-02 -3.471670e-02 
     20030325      20030326      20030327      20030328 
-2.472738e-02 -1.848607e-02 -1.361240e-02 -1.439278e-17 

##consistent!

## signals list here is (line 4 is JPM)
## headers: 1:"code","s","k","m","mbar",6:"a","b","varz",9:"beta"
$`20030328`
     [,1]       [,2]     [,3]         [,4] [,5]          [,6]      [,7]         [,8]      [,9]
[1,]   19  0.0799872 67.43156 -0.002168551    0 -0.0005091219 0.7652249 3.046144e-04 1.3377588
[2,]   19 -0.1224350 18.49118  0.003902549    0  0.0002761061 0.9292498 1.386761e-04 0.6406320
[3,]   18 -0.9907192 44.13843  0.019282907    0  0.0030982040 0.8393290 1.119543e-04 0.9357729
[4,]   19  0.2829797 18.14364 -0.009617860    0 -0.0006681314 0.9305322 1.549197e-04 1.3663834
[5,]   17  1.0948645 42.23901 -0.019048612    0 -0.0029395957 0.8456793 8.621572e-05 0.9729438

Browse[1]> sig.list.dbg1$tickers
[1] "AA"   "AAPL" "INTC" "JPM"  "MSFT"


Browse[1]> ar.params.from.fit(fit.ar1.series(manual.fit$JPM$ou))
$m
[1] -0.00961786
$a
[1] -0.0006681314
$b
[1] 0.9305322
$varz
[1] 0.0001549197


1   20030102 
2   20030103 
3   20030106 
4   20030107 
5   20030108 
6   20030109 
7   20030110 
8   20030113 
9   20030114 
10  20030115 
11  20030116 
12  20030117 
13  20030121 
14  20030122 
15  20030123 
16  20030124 
17  20030127 
18  20030128 
19  20030129 
20  20030130 
21  20030131 
22  20030203 
23  20030204 
24  20030205 
25  20030206 
26  20030207 
27  20030210 
28  20030211 
29  20030212 
30  20030213 
31  20030214 
32  20030218 
33  20030219 
34  20030220 
35  20030221 
36  20030224 
37  20030225 
38  20030226 
39  20030227 
40  20030228 
41  20030303 
42  20030304 
43  20030305 
44  20030306 
45  20030307 
46  20030310 
47  20030311 
48  20030312 
49  20030313 
50  20030314 
51  20030317 
52  20030318 
53  20030319 
54  20030320 
55  20030321 
56  20030324 
57  20030325 
58  20030326 
59  20030327 
60  20030328 